211 - 111· -

11112111111111 111111 1,.111112111111111 111
1111121 112 112111 129
1111521 1211159 1112111 1115

3511112211 131131 1121111 159
21112211 131 11121111 165
111231 126 1121111 159

3111111251 131 11121111 121
111251 131 112111 128
111251 121 1121811 156

121111212 119 8321121811 161
111211 1113 11121811 156

5921113611 153
1113611 121. 159 1,.117111111121211 126

6111 11131111 131 1121221 126
1111311 131 11212111 129

6111113111 1511 121112111 119118
11113111 152161 311125111 18
11113111 162 11121111 161111
1113111 1111 3811126612 112

112111 13811 1112 5111126111 156
11111111 1511 1811128221 151
1111391 132 .

631111391 125 L.V o. 11113181 112
21113911 156 261-11133211 11111

1111111521 131 1113331 156
11111511 162 “ 113331 129
1111531 137 113331 132
11111111 162 3211133612 151162
11111611 136 11331121 151
1111611 153 1133611 153

1211111611 113 1133621 121
1111611 136 8311311111 128
21111631 112 113692 155
11111111 1211136 113691 153. 11111
3111111 112153 1131191 125
111111 156 811136911 132151
1111111 1121511 1181136911 163

131 p. 11111 112 1136911 151
1111111 112 3911311911 153
11111111 131153 9111131111 128

1111111121 159 9111311121 130
1111111 112 9111311121 151
11111111 136 1131113121 121161
111181 156 p. 3121 155
111181 155 1113121 1511119

113121 1521155

1.]111.8121121521 161 113121 1211
1121511 163 19511131221 1113
1121511 125 21131211 151
11). 21511 121 p. 31221 155
112161 151 1112113111 1611
1112161 1311 1131111 1511551151
112161 156 11131111 151

8211121611 153 1131111 156
11121112 151161 1131111 1611

 

