105111, 1111
10581, 11, 11
10591
16
16
16
10601
4
1151
s 16281)
sss
(111 11
11311
111 15981111)
16612

166
66
66
83
66
83
66
83

236
82

106

- 11111 .-

10111
111, 11
11 1882111)
111
, 181
1612111
u
18
16131,1 11111
11 186911)
11111

25. 26 12

236
191
66
251
66
251
66
231
83
106
66

166
66
231
203
66
116
231

1711.

166
66
82
83

5611.

83

66
66
83
83
66
83
66
26
51
66
83
66

1111

10151
18
13
11
10161
1111
1111
101111
1611
11
10161

66. 1611 1111

11
101911
10921, 12
10131 181611

6
11, 1111
12
66 11
11
, 168110
1110111
11
16
11088111
2
11
5
1

111
16961, ss

12

111
10111, 1
115

1111

6

111
169211, 1
11693111

81

11

 

