111 - [111] -

1011111 11101 61
1 11, 11 83
1110951111 1161 211
10061 ’ 11115 83
11 1 61. 83
11 151 101
11 11111, 11 61
1111 11131 61
15 81 1111
’ 10971 “ 11011 211
10181 ” . 11,11 83
11 ’” 111111 101
10101 ” 11, 11, 11 61
11 1111111111 : 11 (101111 91
11100111 ’ *lass 212
11151 (10991) 83 (61)
1 (110511) 83
mss, 11511 212
11 83
11161 83
1 101
1,1 61
111 100
111 101
11 61
11 (51111) 82
11111 61
1 11. 83
1 61
11 83
11, 11 61
111181 1118
{us 101
1 61
1111 24²
111111 101
11 61
111111, 15 61
111226 203
11 61
11, 11 · 11 18
11061, 11 1· 11 83
11οἷ1 11011 15981111)
1 11130 ·
11 1
111181 15151) 11
1, 1 ’ 11111

111

10

111093 1160111]

5

10

12
11101
11

” ’ 11128111

11151, 5,1, 11,11
11201

11 (158211)
112111

1,11

111 ’

 

