- 11111 -

11 18211 11
16 x 1881,1,1,1 11
13 13 11
11 1811 11
1111. 1852 12
13 11 11
18 1881 11
82 11 14
1} 1811 12
11 epistula 111 8111111111 11.
11 1112111, 121 211
11 18811 115
82 13811 131
82 8821 288
82 88311 151
13 88111 211
12 8888 111
13 1 · 158
82 8811 113 1
13 11 185
1111. 811811 118

21 ἐξ 8² 111 Thucydide 1118111111.

1181 11 81111 · 82
11 1213 8121111 38
11 13 81311 188

1111 (53111 82 111 38
81 2118 8113 82
11 12 8151 82
11 1282 11, 1111 38

1121 11 1816111 215
1111 212 1811111 212
11 18 11 82
11 11 81811 38
11 82 1 82

1131, 11 12 1 31

111 281 813111 11

1111, 11 12 1 82

1181, 1 18 11 82
11 82 11 83

1181, 1 12 82811 31
1, 11 18 1 88
11 12 11111 213

1111 82 11 . 31

11811 111. 8211 88

11, 13 82 111, 1 91

1881 12 11 81
1 82 , 8221 88
8 11 1511 218

1811, 1 12 1 11
11 18 11 83
11, 11 82 8281 83

1821 11 11111 213
111 288 11 18. 188

 

