- [³33] -

6161 16 6111 66
611 89 16 203
1 56 66661 66
12 69 11611 263
61 16 61266666661 66
61161 16 161 26611
666 56 6166 66
66 66 666661 66
61 56. 66 161 261
6166 16 6116, 61 66
61 86 511) 31 (198)
1 62 66 66
6216611 261 6151, 1 66
625611 16 1111 (16161) 166
6 11 1116.
161111 · 6166 66
11 661616 61
626211 6176 61
1 61
61 61
6166 61
6561 61
6511, 1, 11, 61 61
6526 66
666661 61
61 66
6566 61
1 165
111 6,16 61
61 651111,6,1,1),61 61
6111 65561 61
62661 6566, 6 61
1116111111161111 1,,
66661 66 611
1 61 6516
66211 6166 1111
6661 166 1
66Ι 66 1
61 66 16
61 66 65666666661 61
66161, 61, 16 66 6661 61
66511 66 661 61
1 66 61 ot 61 62
1 62 6666 62
16 60 1211 264
16666 1166661) 166 1 62
61 66 11 266
6666 66 1 61 62
1111 261 6611 62
61 66 1611 265
66661, 6 66 1, 1 62
111 263 1 81
11611 262 16 62
6161, 61, 66, 61 66 66266 62

 

