9899

9161

1

11

11

11 (1231)
1913911

1, 1, ιο, 12,11
9209, 111

11
9211
11
12, 11
9221
9211
1
11
19251 (191111
12
92111, ιι
11
11
111
111 11311111)
9291

... [338] ...

32

61
132. 151
61

1611

19ῑ

153

61

93

93

64
4714
93

61

139

151

133
126, 161

155. 151, 169 9361

153. 156

9282 92

1 162
11 132
9292 61
1 91
1911 218
9961 91
ιι 61
11 156
9311 112. 161
9321 156
1 92
11 166
9332, 1 126
91112 111
9351 161
11 162
1111 91
132. 131
1 112
9311 61
9, 111, 1111 91
11 61
9991, 11 11
1111 219
93911 61
9192 61
111, 12 91
11 61
91111 91
1, 11 61
11 92
191211 219
9132 95
1, 1, 1 61
9111 92 bis
11 19161) 63
9152 fin.
1 [111111 92
1, 11 61
11 62
11 61
1111 911
91611 92
11 11. 92
91111 11 n.
19191111 219
91911 95
9511 92
1, 11 61
9521, 1, 1 61

de Demosthenis dictione 111111.

9531 15. 161
9511 111

 

