r ἱ
...3344-
t a

6694, 2, 42, ιι 62 2164 12
66444 62 s 11
6662 62 44 62
4 644, 62 2414 44
44 96 2424, 44 62
42 62 42 44
6662 62 2464 62
4244 266 · 2 14

44 62 'lus 12

424 96 2464 41
66244, ιι, 42 62 ιι, 44-42 42
2464, ιι 41
‘ml' “¹ ΔΜ Ῑ- 2424, 44-44 12
2492 16 ιι 14. 12
2244 42 2492 14
ιι 46. 62 2 41
2224 62
³ 10 epistula td Gn. Pompeium
4, 42 62 2664 69
2264 12. 62 2612, 2 42
2 16 ιιι 41
2242 62 42 62
2 16 26242 14
22642-42 14 4244 262
2262 62 44 62
2, 42 44 2662 14
2222 44 4444 266
4244 269 4244 246
2262 42 n. 2644 , 11
2 42 4 62
42 62 42, ιι 11
22942 62 2664 16
44 11 2 62
2662 62 4-2 46
2, 42 11 2 62
2612, ι 14 42 424.
2922 62 26642 62
4244 262 26244 246
2662 62 46 11. 269
2644, 42, 42 14 2662 16
2662, 42 11 2 (64644) 62
2662 14. 66 41
4 14 12
2 14 14. 42
44, 42 11 14
2622 62 16
2 41 64
2 62 ιι 11. 46
42, 42 41 42 166
42 42 n. 2664-2, 42 16
2662, 2, ιι. 42 bin 41 2644, ι 16
2994, 2 14 42 11. 43
44 62 44 41
42 11 42 16
44 62 42 62. 266

 

