95566
9561
9576 6
66
ιι
1666
9586
6, 16
66
9596
6966
66 (5686(
66 ,
9696
9626

9
69691266
15
961666, 16
6766
61266
9656 (51966)
5
7
66 (56266)
1566
16
966266
6, 66
11 (5391)
12,19
6166
16
96716
56
66
6, ιι, ι6
9686 (76116)

6666 (972666)

6971666
ι (17166)
12

156
9751

- (666) -

65. 89
81
65. 89
89
95
198

69751566
6976166, 6666
6977266

6, 6, ι666

1266

11

51 n. 1. 89 97826, 5, 666

82
65
51 u.l
57
219
81 1299)
65
220
65
95
220
190
82
65

l

229
198
221
221
82
65

19
16
9ῖ96
66
6989166
9816
66
1 (115866)
8
9
982166, 66
6, 66
11
12
9896
66,86
9
19
986966
9921
6
6
66 Ι
· 12
11
6999266
116
9966, 666
9956
12
61966
9976
69981166
11
9996, 66
19991, 16
199166
19962
8
19972
1
1 (9216)

65
89
65
82

6, 6, 66 (99266) 86

611
19986, 6
6266

11
1166

211

 

